100000732
100000733
100001687
100003563
100003621
100003624
100003640
100003653
100005049
100005050
100007317
100007521
100008377
100008470
100008746
100009353
70487
70491
70492
70496
70497
70513
70514
70519
70522
70524
70525
70535
70538
70541
70549
70557
70565
70567
70569
70572
70584
70585
70589
70598
70601
70610
70624
70761
70763
70911
70926
70945
71561
75468
77880
78971
79012
79127
79137
79168
79173
80895
80918
83007
84710
87362
87548
87796
89293
89976
90488
92805
92878
92879
92884
92885
92886
93428
94147
94853
95009
95426
